10
10
36995 47337 11844 3919 58891 16161 43804 16535 54249 28423
85332 1553 61457 59263 50751 90795 14564 47414 98537 73759
34400 62745 2220 12757 15104 25603 54116 27333 70546 47669
68210 20808 8569 44481 18718 42110 50842 40736 44605 11464
75888 45615 45908 11775 9831 91937 65777 27458 73384 81298
68604 28837 27767 46013 24669 71067 49132 20588 34663 39428
39330 63697 93367 32900 41363 19492 42496 43206 69652 69487
57735 26985 74090 21059 6481 407 44423 76872 2377 49692
6621 87558 77737 76415 11345 46365 21368 51971 67490 22791
16137 39793 76826 76296 37117 52050 98087 31991 96028 10920
3
314 6 894
623 633 781
494 857 466
